1 action 4.5 100000000
2 business 3.6 100000000
3 casual 3.8 1000000
4 social 4.5 1000000000
5 shopping 4.5 50000000
6 finance 4.2 10000000 
7 entertainment 4.5 10000000 
8 racing 4.0 1000000 
9 social 4.4 1000000000
10 communication 4.3 5000000000
11 social 4.3 1000000000
12 music 3.0 500000000
13 food 4.6 10000000
14 entertainment 3.4 10000000 
15 communication 4.5 100000000 
16 communication 4.3 1000000000
17 finance 4.3 100000000 
18 arcade 4.1 1000000 
19 business 3.1 100000000
20 casual 3.9 10000000
21 shopping 4.7 10000000
22 entertainment 4.4 1000000000
23 casual 4.1 500000 
24 entertainment 4.6 50000000 
25 business 4.2 100000000 
26 finance 4.4 10000000 
27 adventure 4.4 100000000
28 trivia 4.6 5000000
29 entertainment 4.3 100000000
30 lifestyle 4.6 500000000
31 entertainment 4.3 1000000000
32 simulation 4.4 1000000000
33 music 4.5 500000000
34 shopping 4.1 100000000
35 social 4.2 5000000000
36 communication 4.4 50000000
37 arcade 3.7 1000000 
38 entertainment 4.1 50000000
39 productivity 4.6 50000000
40 puzzle 3.7 10000000 
41 video 4.3 500000000 
42 shopping 4.3 500000000 
43 arcade 4.0 50000000 
44 news 4.2 10000000
45 shopping 4.2 50000000 
46 shopping 4.4 10000000
47 arcade 4.0 10000000
48 food 4.3 100000000
49 arcade 3.9 5000000 
50 entertainment 3.3 1000000 
51 news 4.4 1000000000
52 food 3.3 10000000 
53 casual 4.5 100000 
54 communication 4.5 500000000 
55 shopping 4.6 5000000 
56 sports 4.7 1000000 
57 news 4.5 50000000 
58 music 4.3 100000000 
59 action 4.3 1000000 
60 entertainment 4.7 10000000 
61 arcade 4.4 1000000000
62 entertainment 4.4 10000000 
63 shopping 4.6 10000000
64 productivity 4.8 10000000
65 medical 4.2 5000000
66 entertainment 4.0 10000000
67 entertainment 4.6 100000000
68 word 4.8 10000000
69 social 4.3 100000000
70 puzzle 4.1 10000000
71 tools 4.3 100000000
72 role 4.4 1000000
73 casual 4.3 100000000
74 shopping 4.7 100000000
75 music 4.1 100000000
76 books 4.5 100000000
77 racing 4.3 1000000
78 casual 4.4 1000000
79 puzzle 3.4 500000
80 puzzle 4.4 10000000
81 tools 3.2 50000000
82 food 1.7 100000
83 music 4.3 100000000
84 shopping 4.6 100000000
85 word 4.7 1000000
86 productivity 4.6 500000000
87 food 3.1 5000000
88 role 3.1 10000000
89 action 4.4 100000
90 finance 4.2 10000000
91 puzzle 3.2 10000000
92 social 4.1 1000000000
93 casual 4.4 100000000
94 education 1.5 100000000
95 lifestyle 4.0 100000000
96 action 4.0 100000000
97 casual 3.5 100000000
98 trivia 4.9 1000000
99 tools 3.8 100000
100 lifestyle 4.4 50000000
101 maps 4.3 500000000
102 casual 4.1 10000000
103 puzzle 4.2 10000000
104 word 4.6 10000000
105 entertainment 4.3 1000000
106 shopping 4.3 5000000
107 tools 4.4 100000000
108 educational 4.3 10000000
109 simulation 4.6 10000000
110 entertainment 4.3 100000000
111 adventure 4.5 10000000
112 lifestyle 4.4 1000000
113 music 4.5 100000000
114 photography 4.2 500000000
115 productivity 4.0 50000000
116 board 4.6 100000000
117 maps 3.8 10000000
118 food 4.2 10000000
119 casual 4.0 10000000
120 strategy 4.3 5000000
121 action 4.5 100000000
122 racing 3.5 1000000
123 house 4.5 10000000
124 puzzle 3.7 5000000
125 casual 3.8 10000000
126 medical 4.8 10000000
127 productivity 4.5 100000000
128 puzzle 4.8 5000000
129 action 3.9 1000000
130 shopping 4.4 10000000
131 simulation 4.0 10000000
132 adventure 4.0 1000000
133 puzzle 3.7 10000000
134 educational 4.1 1000000
135 casual 4.4 100000000
136 action 3.9 10000000
137 sports 4.4 500000000
138 casual 4.4 100000000
139 role 4.6 10000000
140 shopping 4.1 10000000
141 food 4.5 10000000
142 lifestyle 4.4 50000000
143 music 4.9 10000000
144 communication 4.2 500000000
145 sports 4.0 500000
146 tools 4.5 500000000
147 food 4.0 10000000
148 maps 4.4 100000000
149 education 4.2 1000000
150 finance 4.6 5000000
151 entertainment 3.5 5000000
152 tools 4.3 10000000
153 business 4.7 10000000
154 puzzle 4.3 100000000
155 puzzle 4.4 1000000
156 action 4.1 50000000
157 arcade 4.2 100000000
158 casual 4.6 1000000000
159 communication 4.5 100000000
160 music 4.2 100000000
161 board 4.4 10000000
162 action 4.1 100000000
163 simulation 4.3 1000000
164 simulation 4.3 5000000
165 role 3.7 10000000
166 casual 4.3 100000000
167 food 4.5 10000000
168 puzzle 4.5 50000000
169 strategy 4.4 1000000
170 business 4.2 50000000
171 shopping 4.2 10000000
172 shopping 4.5 10000000
173 tools 4.5 100000000
174 casual 3.7 10000000
175 video 4.7 100000000
176 communication 4.2 1000000000
177 action 4.0 100000000
178 personalization 4.5 100000000
179 puzzle 3.8 10000000
180 productivity 4.1 100000000
181 shopping 4.0 1000000
182 role 4.2 10000000
183 puzzle 4.0 10000000
184 social 4.4 10000000
185 word 4.4 100000
186 racing 4.1 1000000
187 lifestyle 3.5 100000000
188 casino 4.0 10000000
189 food 4.2 5000000
190 music 4.7 10000000
191 communication 3.8 10000000
192 music 4.9 10000000
193 simulation 3.9 50000000
194 action 3.8 50000000
195 news 4.7 1000000
196 education 4.7 100000000
197 productivity 4.3 1000000000
198 action 4.4 5000000
199 tools 4.1 10000000
200 action 4.1 500000000
201 strategy 4.4 1000000
202 entertainment 3.7 10000000
203 education 4.7 100000000
204 arcade 4.1 50000000
205 casual 3.9 10000000
206 music 4.9 10000000
207 finance 4.3 10000000
208 racing 3.9 50000000
209 puzzle 4.5 10000000
210 sports 3.8 1000000
211 communication 4.2 1000000000
212 photography 4.8 100000000
213 arcade 4.1 50000000
214 finance 4.6 5000000
215 casual 3.5 10000000
216 productivity 4.1 100000000
217 food 4.2 5000000
218 adventure 3.9 10000000
219 puzzle 4.4 100000
220 finance 4.6 10000000
221 card 4.6 10000000
222 music 4.7 10000000
223 racing 4.1 1000000
224 medical 4.8 10000000
225 arcade 4.0 1000000
226 music 4.6 50000000
227 board 4.5 100000000
228 simulation 4.0 10000000
229 finance 4.5 10000000
230 word 4.8 1000000
231 simulation 3.9 10000000
232 simulation 3.6 5000000
233 arcade 3.9 10000000
234 shopping 4.2 5000000
235 action 4.4 5000000
236 music 4.4 100000000
237 productivity 4.5 1000000000
238 board 4.7 10000000
239 music 4.4 100000000
240 entertainment 4.7 100000
241 simulation 4.2 100000000
242 casual 3.7 10000
243 tools 4.3 10000000
244 food 1.8 100000
245 health 4.3 10000000
246 food 4.2 5000000
247 arcade 4.1 10000000
248 casual 4.0 10000000
249 board 4.5 1000000
250 simulation 3.3 5000000
251 photography 4.8 50000000
252 productivity 4.4 50000000
253 news 4.5 1000000
254 action 3.9 5000000
255 word 4.4 100000
256 shopping 3.5 10000000
257 casual 4.4 10000000
258 lifestyle 4.3 100000
259 arcade 4.5 100000000
260 personalization 4.3 1000000
261 entertainment 3.3 10000000
262 entertainment 3.8 5000000
263 arcade 4.1 50000000
264 puzzle 4.1 10000000
265 entertainment 4.4 1000000
266 finance 4.4 10000000
267 simulation 4.2 10000000
268 word 4.6 10000000
269 casual 4.1 1000000
270 adventure 3.3 100000
271 casual 3.7 10000000
272 music 4.6 100000000
273 simulation 4.2 50000000
274 board 4.5 1000000
275 weather 4.2 50000000
276 news 4.7 5000000
277 simulation 3.1 5000000
278 social 3.3 1000000
279 casual 4.3 100000
280 word 4.3 10000000
281 arcade 4.3 1000000
282 action 3.7 5000000
283 strategy 4.4 10000000
284 communication 3.9 100000000
285 video 4.4 100000000
286 productivity 4.2 500000000
287 tools 4.7 10000000
288 adventure 4.0 100000000
289 business 4.4 100000000
290 auto 4.2 1000000000
291 arcade 4.1 100000000
292 entertainment 4.1 10000000
293 food 4.5 10000000
294 art 4.5 50000000
295 shopping 4.4 10000000
296 tools 4.0 10000000
297 arcade 4.0 100000000
298 finance 4.3 10000000
299 tools 4.2 10000000
300 strategy 4.4 10000000
301 puzzle 3.4 50000000
302 books 4.9 10000000
303 tools 4.0 50000000
304 racing 4.2 100000000
305 casual 4.4 1000000
306 word 4.7 1000000
307 food 4.2 10000000
308 music 4.0 10000000
309 shopping 4.3 50000000
310 arcade 4.0 5000000
311 adventure 4.3 50000000
312 music 4.6 10000000
313 productivity 4.1 100000000
314 action 4.4 50000000
315 business 4.2 50000000
316 casino 4.4 50000000
317 casual 4.5 10000000
318 educational 4.0 1000000
319 arcade 4.0 5000000
320 arcade 4.3 100000000
321 productivity 4.4 1000000000
322 video 4.2 5000000
323 action 4.3 100000000
324 food 4.3 10000000
325 action 4.1 50000000
326 simulation 4.5 100000
327 arcade 4.1 5000000
328 entertainment 3.5 50000000
329 shopping 4.1 10000000
330 finance 4.6 5000000
331 educational 3.8 1000000
332 puzzle 3.8 10000000
333 arcade 4.4 10000000
334 travel 4.6 50000000
335 tools 4.3 50000000
336 racing 4.2 100000000
337 casual 4.5 50000000
338 arcade 4.4 10000000
339 music 4.5 100000000
340 finance 4.4 10000000
341 video 4.6 50000000
342 action 4.2 10000000
343 casual 4.4 100000000
344 travel 4.4 100000000
345 casual 4.6 5000000
346 casual 4.6 500000
347 music 4.6 5000000
348 action 4.0 10000000
349 productivity 4.3 1000000000
350 travel 4.5 5000000
351 casual 4.1 50000000
352 music 4.4 500000000
353 arcade 4.1 100000000
354 word 4.4 5000000
355 news 4.1 10000000
356 casual 4.2 500000000
357 entertainment 4.6 100000000
358 casual 4.3 100000000
359 social 4.4 10000000
360 books 4.7 1000000
361 puzzle 3.6 1000000
362 productivity 4.3 500000000
363 food 4.5 10000000
364 social 3.7 50000000
365 entertainment 3.8 5000000
366 music 4.4 50000000
367 casual 4.0 100000000
368 food 4.0 50000000
369 shopping 3.8 10000000
370 board 4.4 10000000
371 adventure 4.3 50000000
372 tools 3.4 1000000
373 card 4.6 10000000
374 finance 4.7 10000000
375 finance 4.7 5000000
376 action 3.8 1000000
377 simulation 3.4 1000000
378 tools 3.0 100000
379 word 3.8 10000000
380 puzzle 4.1 10000000
381 food 3.9 1000000
382 role 4.3 10000000
383 simulation 4.1 10000000
384 tools 4.7 50000000
385 finance 4.6 10000000
386 board 4.3 100000000
387 lifestyle 3.3 10000000
388 adventure 4.1 1000000
389 strategy 4.5 10000000
390 simulation 3.2 5000000
391 role 4.7 100000
392 strategy 4.5 500000000
393 tools 3.8 5000000
394 productivity 4.4 100000000
395 weather 4.6 100000000
396 music 3.7 50000000
397 sports 3.8 10000000
398 tools 4.6 100000000
399 puzzle 4.4 100000000
400 shopping 3.9 10000000
401 arcade 3.8 50000000
402 racing 4.0 5000000
403 puzzle 4.6 50000000
404 simulation 4.5 1000000
405 action 4.2 10000000
406 action 4.3 100000000
407 action 4.1 1000000
408 arcade 4.4 10000000
409 entertainment 3.8 100000
410 tools 4.5 5000000
411 finance 4.2 1000000
412 action 4.3 10000000
413 trivia 4.6 100000000
414 racing 4.2 50000000
415 entertainment 4.4 50000000
416 casual 4.9 50000
417 entertainment 4.4 50000000
418 action 4.3 100000000
419 word 4.6 1000000
420 communication 4.4 10000000
421 puzzle 4.0 5000000
422 video 4.6 10000000
423 puzzle 4.5 1000000
424 food 3.9 5000000
425 casual 4.4 500000000
426 adventure 4.1 10000000
427 arcade 4.4 5000000
428 business 3.6 10000000
429 video 4.8 50000000
430 casual 4.1 5000000
431 casual 4.2 10000000
432 simulation 3.7 10000000
433 simulation 3.7 10000000
434 strategy 4.5 100000000
435 finance 4.7 10000000
436 simulation 4.7 500000
437 entertainment 3.9 50000000
438 entertainment 3.8 10000000
439 music 4.7 5000000
440 tools 4.1 10000000
441 action 4.1 100000000
442 action 4.3 100000000
443 card 4.8 5000000
444 action 4.1 1000000
445 arcade 4.6 10000000
446 shopping 4.7 5000000
447 simulation 3.9 5000000
448 health 4.8 500000
449 puzzle 4.0 50000000
450 educational 4.3 10000000
451 communication 4.3 500000000
452 education 4.1 10000000
453 music 4.6 10000000
454 puzzle 4.4 10000000
455 puzzle 4.5 10000000
456 communication 4.0 1000000000
457 arcade 4.3 100000
458 video 4.4 100000000
459 simulation 4.0 5000000
460 video 4.1 5000000000
461 education 4.7 10000000
462 simulation 4.4 1000000
463 shopping 4.6 500000
464 strategy 4.3 100000000
465 casual 4.4 10000000
466 casual 3.5 1000000
467 role 3.5 1000000
468 business 4.5 500000000
469 adventure 4.7 100000
470 photography 4.5 100000000
471 sports 4.1 10000000
472 educational 4.4 10000000
473 arcade 4.4 10000000
474 action 4.4 100000000
475 shopping 4.2 10000000
476 trivia 3.5 500000
477 educational 3.9 10000000
478 arcade 4.5 50000000
479 word 4.8 1000000
480 puzzle 4.6 1000000
481 books 4.8 100000000
482 video 4.5 50000000
483 entertainment4.2 10000000
484 strategy 3.7 50000000

471 sports 4.1 10000000
472 educational